Timestamp: 2026-01-13 06:46:38.230523
Status: Success
Output: [13.581527512568199, 12.503146223423673, 12.462030981451141, 13.270078126830834, 12.240261385448512, 10.846076073317933, 13.69501154151909, 13.156153217018662, 13.204970593945337, 13.032279911296934, 13.155427525173922, 11.355627399010805, 12.288334882580315, 16.339794471101687, 13.19016104325072, 10.011734942828983, 13.07378227258244, 12.689869185344588, 14.051498647683976, 12.057286545275392, 13.997428191602285, 12.163507786431234, 12.905650363202586, 12.73381125347063, 14.800086327949014, 13.352413345032529, 14.004451637545982, 12.57383285926915, 11.629636331689403, 13.271351186341366, 14.31470871447631, 12.617066452823225, 13.306960911077105, 13.382838167344767, 11.751379826136917, 12.929691180592291, 12.665315824598196, 13.064204227258394, 13.708561911921, 13.763774255335335, 14.217580964632175, 13.587504256000148, 13.172064265027052, 14.041796816739915, 13.591801539138775, 13.496450422135505, 14.585923721250781, 13.33368917499057, 13.114891704692688, 14.723569148052158]
