Timestamp: 2026-01-13 08:20:01.232594
Status: Success
Output: [16.731165458147714, 12.930523823181359, 14.750009511573085, 13.963063214617113, 12.43114270436171, 12.405455453598655, 11.712324627260044, 14.073697915579764, 13.703300950455551, 13.732939381031972, 11.646295501506124, 12.51317560855709, 14.385045714685916, 12.581809839993674, 14.845400550067176, 12.461560681158039, 15.19958472477745, 15.096106330455767, 14.228573176318616, 13.260797533532426, 14.730346928984051, 17.11468769439924, 15.690327954038693, 13.873004251318417, 15.305864485862692, 11.931138097122478, 13.826901121490883, 12.181706176202287, 14.661574797182654, 15.359585775445332, 13.376286185517555, 15.460898185338296, 11.3077327598381, 11.989429690059257, 14.12322374039674, 13.580233581409866, 13.696572728880327, 13.721252130533422, 16.43752553667138, 12.168102411220898, 13.045824587535641, 13.897137346676598, 15.109915006565533, 14.57153904926251, 14.861605057632016, 13.548006580443946, 12.596969507151405, 15.398843192037058, 14.03669035248231, 14.132577256957736]
