Timestamp: 2026-01-13 07:30:01.414023
Status: Success
Output: [12.817328950886306, 13.899859914850857, 14.830467479826254, 11.924243031465501, 13.706378386637128, 12.889078680867774, 13.89450190165407, 10.513712979816198, 13.8630761392567, 12.540190010295593, 13.377174613647092, 12.93167480192968, 14.283850586600336, 13.066196315808591, 13.906281714659073, 12.31303005340564, 13.671099269096723, 12.575519321842554, 14.710021164662715, 10.766862631950383, 12.353969604583508, 11.753121261089849, 11.648276313603956, 10.991155926702064, 14.237365993772737, 12.6070360349345, 10.25891931618275, 12.405230887911113, 11.36932873690393, 13.641197467005705, 13.260998425981725, 12.391682838523916, 13.291954460324925, 10.826256282666856, 14.292475278883327, 13.567395081244795, 12.098277247670843, 12.897863842496754, 12.689157322213298, 11.2876219204514, 13.225178755789013, 13.312442193648621, 11.961125560478724, 12.503634993864354, 10.873951625216469, 12.126483156036743, 12.246069129301343, 12.64921202638644, 11.423424277660123, 13.45168490457774]
