Timestamp: 2026-01-13 09:00:02.222671
Status: Success
Output: [11.461936917199312, 11.335851874972914, 12.243337585378054, 10.713368326211258, 11.091708262817606, 10.644266873895408, 11.14345822667974, 12.26474290278521, 10.090506661438036, 10.632123376888536, 10.360757537249235, 10.956495066360564, 13.318941885665357, 11.323561343584293, 10.201370786174817, 11.889543192022623, 11.35053505086005, 11.138678949819296, 12.230587537331223, 9.491211619725137, 10.939442108742178, 13.336865762665566, 11.152824595247157, 13.197895494309762, 11.317564112782609, 12.637809693100168, 10.275400508124681, 12.81926907140635, 11.43881129145823, 13.18612887106599, 10.60127385933479, 12.637232923806616, 12.394191476519977, 9.974669809559224, 11.469019602722733, 11.470884292158402, 12.085199128741205, 12.57054589818043, 12.029726834538902, 11.623180204469074, 12.905600272598015, 12.152748774675759, 12.430350466175081, 11.109695374016113, 12.547915622908532, 9.73858475204805, 11.54782534605756, 12.22807692772379, 10.735432115569289, 14.359096536131538]
