Timestamp: 2026-01-13 08:10:01.911225
Status: Success
Output: [11.915682528648063, 10.629679309121872, 11.406251930872235, 10.476618034250349, 12.459361037455706, 11.483574908646112, 12.972795189206833, 11.364530712345015, 10.431575773602647, 10.083422065382267, 11.573713875949029, 9.928169974326158, 10.252164723638, 9.835096900028192, 11.001709103424316, 9.80247246199528, 11.822958870393668, 10.189476975993943, 12.231643386170957, 10.819491827847365, 10.903819324294297, 11.291247233182494, 10.650725028907852, 12.624480089949202, 13.402059737422725, 12.038767290650538, 12.190792407588614, 10.477190724972473, 8.937198785463021, 11.856659767530202, 10.380651936794436, 9.152804825272034, 12.158753619726767, 12.15925565524274, 11.454350747936491, 9.59419857250878, 12.328065845382227, 12.155951839438448, 11.457106724968947, 11.649533635919438, 12.112474872490454, 11.120663876689527, 10.42164289407345, 9.655284872268588, 11.53731912375521, 10.663038755642676, 12.455170720451662, 9.512262577798667, 11.305850488307115, 10.737991977017213]
