Timestamp: 2026-01-13 07:20:01.422968
Status: Success
Output: [11.301098962117322, 12.507342558843279, 12.775411173709749, 13.35315360647895, 14.636475931282941, 14.094306385852285, 13.933360269645371, 12.91879859814763, 10.230939547202029, 11.56829141192859, 12.201018392560789, 13.929158598999575, 11.611093196718503, 12.223414841444558, 12.596635520572253, 11.506252807719983, 13.260526695485284, 11.590942259838373, 11.979081239328531, 10.96270259853615, 13.328362728419815, 12.124695476602609, 16.007768162455207, 11.360056145779723, 12.296667847732323, 13.518495216527144, 13.48915145888719, 11.17111861941938, 11.56894489247637, 14.822003408218412, 13.432194018098066, 12.371157231134758, 13.27362488016033, 12.7627222091239, 11.330390658943166, 12.940572592695238, 10.012322805089111, 13.44505139851255, 10.385385641579603, 11.94626355068522, 13.980950644831688, 13.255494400501252, 13.027655463739844, 13.77988735458254, 14.401098165457565, 12.27918876190029, 16.003665634857338, 10.922267943345187, 12.825611951544648, 11.622539444170778]
