Timestamp: 2026-01-13 07:40:01.716403
Status: Success
Output: [13.0006096744645, 11.739563865731585, 12.753872972580456, 10.961937138482172, 13.500435937125568, 13.949459688483083, 12.300480086289213, 15.913692217139285, 13.023471241924002, 14.866000338857077, 12.775032934045221, 13.513810894891279, 14.854105486898572, 10.79590976789625, 12.630571255270647, 11.36274680948422, 11.509267156068399, 11.98114291275504, 14.369303586531045, 12.417549066092189, 10.477436012299934, 14.626602264955753, 10.165020996456851, 12.73819093235832, 13.267073830170544, 14.438098566190389, 11.68217693466342, 12.935321702031853, 13.843730732190782, 14.045580216745915, 12.316869378157746, 14.818623127826802, 11.844467706428803, 10.59450587396405, 14.060009917340004, 13.384988768626524, 12.961309557502512, 14.058501362236976, 14.463047146835136, 11.763082902567534, 13.301176933159201, 12.976241101905885, 13.188392978179662, 12.000314609448118, 14.139251504846115, 12.298588407628147, 11.365658524882011, 12.330955177916893, 13.418640617322623, 11.239524347253166]
