Timestamp: 2026-01-13 08:40:02.317811
Status: Success
Output: [14.897691733394499, 13.605858096224637, 13.726980521826434, 13.569328151041454, 14.197109582130452, 11.17525541504025, 13.547768834003735, 11.268769264859374, 14.551265753501962, 13.934425534164228, 12.585782133763084, 11.9892952113466, 13.26675108998646, 12.944525980630118, 12.910494818691085, 13.038296265535514, 12.67009183039339, 13.859075831767354, 14.451651278295438, 14.243231348036922, 15.116364911334621, 10.466244253072052, 11.973461502580177, 13.06803224725098, 13.256085283371997, 12.496693969499795, 17.342175434711624, 13.122464483262693, 13.771906553571203, 11.777146667895002, 13.525791305653605, 12.759683820350267, 9.867095811687646, 13.088834165782144, 13.737455801588757, 12.85608663385376, 15.175645062355864, 13.153402461152485, 9.611311714192817, 14.9466620526771, 13.637723902309999, 11.071096353711184, 14.094385192576166, 11.296744672862996, 15.924224818171654, 14.53850608833617, 12.792390251425173, 14.243503488359362, 13.462503097293638, 12.725417804320205]
