Timestamp: 2026-01-13 09:50:01.516374
Status: Success
Output: [13.28690675727442, 11.294093878122045, 12.80445296747912, 12.703824835473219, 12.381591151390575, 12.599879195201725, 10.299282016882165, 13.941268703294538, 10.451942678105937, 10.924779676974211, 11.599923995113748, 11.079342835836753, 12.175651421888555, 12.159809132809901, 13.506871166695536, 11.956879424880883, 14.902169196874032, 11.453599559879196, 13.79136838835835, 14.327662066483649, 11.470062281181074, 13.022256201155717, 15.140140632546615, 13.275481106904822, 11.503541924614364, 12.624220745566506, 10.39314696892578, 10.971264382186753, 10.408975838338284, 13.509365523928302, 13.24264033842001, 11.564975592891129, 13.04718311517304, 14.92180090951089, 12.436329490141734, 10.770383106202724, 15.210386983449997, 12.123893948193615, 13.284686057249177, 10.361794662735976, 11.529569491103564, 14.041609172023945, 10.90543752474972, 11.893097478497424, 14.154002183144117, 12.846473840954042, 15.036832703225288, 13.636310360468405, 11.507510292157358, 10.855525016710516]
