Timestamp: 2026-01-13 07:10:01.911352
Status: Success
Output: [14.76933213000356, 12.724393852677935, 11.330177267315287, 12.197109402608922, 13.466395003376155, 12.459306564925331, 13.500415224047567, 12.304286481904883, 12.866250803463371, 12.12941918630542, 13.305904768583769, 15.399631601421333, 12.608796899070596, 12.28061626283546, 14.990199138057381, 14.200031690618092, 13.609200818310004, 14.142052151233937, 13.979235343338637, 13.237893039237187, 11.4646801573709, 15.954841625150767, 12.547164040207589, 10.270282790870711, 11.360585942629633, 12.258975508296366, 11.631932378229344, 12.515738750604086, 11.076694525103107, 15.617654486995525, 13.018288190833603, 12.64215068696621, 13.479370020447353, 13.010079020895283, 9.526684517798829, 13.398487045493798, 13.967196666870258, 11.062483194088252, 13.478021695653126, 11.695156656091642, 13.56017019420834, 11.372008324820245, 13.16181799394114, 13.063591435867515, 11.663107387395833, 14.214000064475647, 13.424992075046738, 14.008985294824486, 12.158720709925763, 10.056804827241205]
