Timestamp: 2026-01-13 08:50:01.630766
Status: Success
Output: [15.109013174454642, 11.685190293248372, 13.246423616827604, 11.632597276608028, 12.042517432014424, 12.082056192185272, 11.524597529976088, 12.56597969933769, 12.64938235414955, 12.559271886325616, 12.443676031874906, 12.158113699903751, 11.270146014282531, 15.277541425373796, 12.687599362808893, 14.070654629283347, 12.017269740025593, 12.191237700802908, 13.44245043472092, 15.59603798877031, 10.87199178329003, 14.611537749107576, 12.46964400829994, 12.958957338456013, 15.614382029530875, 14.735999982795123, 12.369092087541139, 10.449885847367202, 13.695704791547726, 13.60885749431754, 12.14777459649955, 12.879579001138623, 13.104716718434764, 12.159931934803037, 11.567133561462706, 14.559866484789593, 11.450725031661321, 12.713396671579194, 11.668367185058395, 12.208262512092727, 13.37658488663252, 12.835357641398552, 12.451667685071046, 12.703678254356054, 12.079835458834541, 9.890673116268827, 14.180802097144479, 12.061673788599347, 13.566486804005466, 10.63413502361891]
