Timestamp: 2026-01-13 08:30:01.535288
Status: Success
Output: [10.965725047415186, 12.06664401811461, 10.42074009854377, 11.268560157312642, 10.064375550467737, 9.802582515454919, 12.216686271975373, 10.797592645064661, 11.01599137840326, 11.995842711066183, 10.782437867756059, 11.984072677618057, 9.881956042454185, 9.913922139136814, 10.196806405801269, 10.563540399700404, 11.997162846826475, 11.237256869481246, 10.807744776406269, 8.265400174500718, 9.887795715061415, 13.361917273403876, 11.438618870597503, 11.504406850753432, 10.723473830324629, 11.547058833604856, 10.857604630541255, 8.495534352460593, 12.351210435485143, 11.243014707774792, 9.30929618975172, 11.55810181988451, 11.481715997315566, 8.758532990959267, 9.897801398683836, 11.295614155640454, 10.144423698030248, 11.31473464973729, 9.58869006571708, 10.622556270010778, 12.76013516507942, 10.118394864540404, 11.079822946360231, 9.957532408884095, 11.584377270836793, 10.419520812248113, 11.395576899018776, 9.184971847694092, 9.911789585422268, 11.349891584933548]
