Timestamp: 2026-01-13 09:40:02.121125
Status: Success
Output: [12.420923974972986, 12.138835493894428, 15.085182020202485, 12.651292821568758, 13.94538912601614, 13.21604655480447, 12.922377724438896, 13.368290103126405, 13.094489781082498, 12.654179203907688, 11.950379623299316, 12.210965150670766, 12.164439906491229, 11.940701248184396, 13.245794069683036, 10.21700800947993, 13.407157859093786, 12.164511454160072, 12.831836559565119, 13.557205170810395, 13.241868676669819, 12.788912803577507, 13.395759707155266, 11.92094636446235, 11.34033396331837, 10.083024964367848, 14.524170461749275, 12.149927905028772, 11.441652161278782, 11.295483479653385, 10.066725588215867, 10.694298540374843, 13.87136912968392, 13.144594797908523, 12.293109679764372, 13.232612100107545, 12.178890776334036, 12.10193615049632, 13.885145113897291, 10.788225432340159, 10.649127952216475, 11.66412317961279, 12.394363125344169, 11.321641781801768, 13.197640466027407, 12.492084640606524, 13.664830744868574, 12.521674309280835, 13.342222961565335, 11.233967058788725]
