Timestamp: 2026-01-13 10:00:01.919681
Status: Success
Output: [10.118049916278082, 12.918856989772447, 13.268533517252873, 12.067498575567958, 10.357278250461613, 10.069726914005253, 9.72221994491834, 10.041769390208936, 12.53759185798236, 10.409755740097756, 11.823572390654373, 11.416196327954378, 10.110200310792942, 10.919114279026562, 10.2315589049914, 12.10297980841147, 11.62343772214658, 10.000673543006272, 10.888532475472168, 9.43027672296504, 9.69064353302631, 12.707644668132797, 12.32898426530235, 10.336610608460996, 10.834638079510611, 11.190886062245573, 12.498557314579747, 11.350397971975447, 12.10167257770922, 12.105803782139713, 8.142881062810659, 11.308233855752704, 11.767285937115497, 10.993656473837662, 11.745409655068649, 11.871652212186294, 11.87380274801897, 10.422817705586871, 11.52992062894271, 12.44904714715701, 11.004352774574812, 11.67878768298755, 12.691769528580322, 11.106999440839317, 10.32575018381026, 11.25418913352318, 12.216611303831561, 10.820726669118041, 12.861076851278753, 11.495461088963484]
