Timestamp: 2026-01-13 09:10:01.928634
Status: Success
Output: [12.768798078149885, 11.727634902644645, 11.885842613769137, 11.36848844661848, 11.521623373134224, 13.104872043310396, 12.94301045751708, 11.783417792482924, 13.677841517744216, 10.797632583532646, 13.527617755121945, 12.259917720196828, 10.099186968510812, 12.633285653768391, 10.673193221567097, 12.333114676544831, 12.663472985130603, 12.466674666349393, 11.01424105415129, 11.831409905913732, 11.74536870911596, 13.300399226391338, 12.100947879290558, 14.204844993429612, 11.381462245361824, 12.86920455590541, 10.391829921733878, 10.83170214499253, 11.099100386586684, 9.865472078754193, 13.206077052725878, 12.698821588135768, 11.144016707470866, 12.532284677629544, 12.607381269124108, 13.162776585085423, 11.895713158627807, 12.055998780133404, 13.024342968172974, 11.058678995989482, 11.494003352752589, 13.650212517746413, 10.953399499232145, 10.87831614463145, 14.026011789997337, 11.6877452922655, 14.460433396110666, 11.071169203299727, 12.506484844474471, 12.148356373979581]
