Timestamp: 2026-01-13 07:50:02.216591
Status: Success
Output: [12.77013099793974, 15.154848968608261, 12.890154261211135, 12.272516738318776, 12.098059037902152, 14.739862649415407, 10.91106641263332, 13.180305426007275, 12.698889138286972, 13.813165014967383, 12.326453629874573, 13.19839276677561, 13.137475666173954, 13.623589122458284, 12.860447973380326, 11.912639787911404, 14.68570175563072, 16.74782637622092, 14.97122585597656, 11.285609301280259, 13.583713591014181, 11.554812024495572, 12.42716680627287, 14.296592012835129, 13.234217921084108, 14.334334753300515, 13.511673923101414, 12.490256635991761, 11.841926954319693, 13.401505434983392, 13.645644502463274, 12.122668062793847, 12.4805646269112, 12.56570326978756, 11.909765930579738, 11.147932879417645, 11.351445980991972, 15.199638352387533, 14.173068044416583, 10.83064593180488, 12.471143151086821, 13.98958013123989, 12.258109489776635, 13.024108793405375, 12.32573644822282, 13.078991306323397, 14.493015149265288, 13.71780470891714, 12.767002936309822, 13.12230175916704]
