Timestamp: 2026-01-13 07:00:02.311749
Status: Success
Output: [12.509341383679423, 15.54687595571144, 13.530690627754243, 13.663768249731971, 13.728800239696813, 12.279417298873845, 11.435603510628523, 12.813578074240464, 11.621503029554198, 10.822263111492239, 11.9900868119791, 12.98802038657653, 12.337666388140317, 15.171644804980243, 9.938273398610518, 13.065401508128694, 14.201806472571059, 12.800675805511382, 13.216554739992757, 11.675359415223198, 11.408794791164212, 12.998358607724427, 13.460947665137008, 12.451595266327557, 15.088619726964376, 14.002506636407729, 14.788488048538081, 12.100506310298702, 13.373129117644295, 13.100160061655249, 11.163356745449878, 14.028099569004711, 14.435167781281237, 12.968819696142596, 10.504169041111291, 11.750908676954468, 14.124881497599777, 10.973810655014853, 14.836129500602365, 13.702678118779902, 11.241941938390742, 12.862727911406644, 13.682508328002807, 11.817482403666864, 11.733806202609388, 13.702004802871162, 12.434847925918653, 15.060852547455688, 13.65433629713181, 12.455839169410655]
