Timestamp: 2026-01-13 09:20:01.309959
Status: Success
Output: [11.846084067504918, 10.926795115311421, 10.093362459070228, 9.957619723523475, 12.091438114277782, 9.14341839663698, 11.707176452288643, 10.50586225683685, 10.913884425645648, 11.070430836262162, 11.097294228933574, 10.215600505748508, 10.585013499125168, 10.688802927487064, 11.308861082281112, 9.630695580617314, 10.375785440480206, 10.401334644548072, 8.899542975857283, 9.70580029656168, 10.521735235559163, 13.01349022191577, 9.387895223723415, 10.443160068285383, 11.985183217403488, 9.587074934411113, 9.938183246141133, 9.57706573850085, 10.76806528518606, 9.396840837777122, 9.508372255575381, 9.847071340028394, 11.129814775624856, 11.03935359847605, 10.56861658683969, 11.429465965458885, 11.457660176016988, 12.088910494951634, 9.45740459818336, 11.464666517067812, 11.428722013091337, 11.532117610873453, 11.46403207984789, 10.004971209674348, 9.97748822394393, 10.512167227978514, 12.908411837053814, 10.695069079845622, 11.51773228200879, 11.780896713380933]
