Timestamp: 2026-01-13 08:00:01.516288
Status: Success
Output: [10.80924536742457, 12.675528684421279, 12.484235792553964, 12.287330847802759, 10.30202170558529, 10.081605126103051, 11.653524221693582, 13.31450316227206, 12.278334888878817, 13.30639189949883, 10.138419249139588, 10.766936878946547, 12.073170505100581, 13.149399976878472, 13.458862332511393, 13.47459257021729, 13.59399918953274, 11.639120434918349, 12.203394900669178, 10.44885087981785, 11.030296778095877, 15.273851867521007, 13.254787407608196, 12.295497867493015, 10.183538411680216, 12.907411021785649, 13.532479528688224, 13.104675895967702, 11.516899520883475, 13.288189457571981, 11.928916949365158, 10.954517942372416, 13.483866061214364, 12.301511865625567, 11.944157309320051, 11.469337544946246, 14.198332144439423, 12.291016662324557, 13.49624293770621, 10.675467386018425, 11.884540178125151, 13.377964631901722, 10.930758848251916, 11.240983587343155, 11.642422819430726, 12.23940849597922, 13.042001801714713, 12.538029249364007, 11.973256793795182, 12.191052166374938]
