Timestamp: 2026-01-13 09:30:01.607513
Status: Success
Output: [12.795265826433749, 11.239205141878964, 11.598119756774214, 12.897197739121891, 13.330159342256207, 10.861307029828826, 10.698375721639094, 10.72803097270293, 10.702585473762902, 10.721511764191133, 10.929123822791258, 11.045078020586173, 10.06463957446952, 10.897213466607457, 11.70020413704658, 10.078924385366108, 12.628485126814327, 10.100190401729236, 12.17301309435208, 10.584541684685012, 10.491789065311409, 10.209749033473281, 12.348812317854222, 11.116161772450074, 13.22026141410723, 12.920096370121211, 10.848655095455015, 11.123408075652785, 11.315259399405319, 10.712743329464892, 13.094839002730195, 10.31807170166087, 11.760199642080309, 10.996108344283886, 12.008891667170136, 11.873144760218404, 10.997237899537662, 11.116860668058411, 11.96536286812548, 10.638092889489094, 10.328626903666907, 9.625168895795358, 12.73919156196171, 12.749229471687949, 9.764964881017255, 13.16557123196252, 12.42239903869757, 10.912605775564066, 11.174386324333144, 10.162315590660551]
