Timestamp: 2026-01-13 06:50:01.716146
Status: Success
Output: [11.462107100319342, 13.35349995839118, 15.050488885025317, 12.598600575667835, 12.893578877782833, 12.79621738575267, 10.7953254854901, 11.55482305265947, 13.134947769201329, 12.840449023939005, 13.451067649652614, 11.505808003529022, 12.506636137212523, 11.968528162884258, 15.148143853516254, 14.272580490233432, 12.065554220512901, 13.190905800306377, 12.943560231658363, 12.434391813972795, 12.75738791488017, 13.651386835126742, 13.761373642186197, 13.682809183720051, 13.004320260736902, 11.664862131447673, 13.773350827454886, 11.678022818417817, 13.375024304552621, 13.49747380976128, 11.26417058237593, 11.43061166254341, 13.370708219386398, 16.145321865795708, 14.46676237839679, 14.263206257847452, 14.401556089677117, 12.82136221736998, 13.143583108925444, 14.596810781814229, 9.094857116108948, 12.734279413908785, 13.19689469539602, 13.307435867116029, 13.017285323043833, 13.688501597027177, 11.39733428637424, 13.009016459203812, 12.006652067640383, 12.14329167013886]
